QGC WPL 110
0	0	0	16	0.000000	0.000000	0.000000	0.000000	-35.362938	149.165085	650.000000	1
1	0	3	22	15.000000	0.000000	0.000000	0.000000	-35.359833	149.164703	41.029999	1
2	0	0	16	0.000000	0.000000	0.000000	0.000000	-35.362275	149.17486	683.200000	1
3	0	0	16	0.000000	0.000000	0.000000	0.000000	-35.362673	149.17479	683.200000	1
4	0	0	16	0.000000	0.000000	0.000000	0.000000	-35.363031	149.17461	683.200000	1
5	0	0	16	0.000000	0.000000	0.000000	0.000000	-35.363316	149.17433	683.200000	1
6	0	0	16	0.000000	0.000000	0.000000	0.000000	-35.363498	149.17397	683.200000	1
7	0	0	16	0.000000	0.000000	0.000000	0.000000	-35.363561	149.17357	683.200000	1
8	0	0	16	0.000000	0.000000	0.000000	0.000000	-35.363561	149.17316	683.200000	1
9	0	0	16	0.000000	0.000000	0.000000	0.000000	-35.363561	149.17276	683.200000	1
10	0	0	16	0.000000	0.000000	0.000000	0.000000	-35.363561	149.17235	683.200000	1
11	0	0	16	0.000000	0.000000	0.000000	0.000000	-35.363561	149.17195	683.200000	1
12	0	0	16	0.000000	0.000000	0.000000	0.000000	-35.363561	149.17154	683.200000	1
13	0	0	16	0.000000	0.000000	0.000000	0.000000	-35.363561	149.17113	683.200000	1
14	0	0	16	0.000000	0.000000	0.000000	0.000000	-35.363561	149.17073	683.200000	1
15	0	0	16	0.000000	0.000000	0.000000	0.000000	-35.363561	149.17032	683.200000	1
16	0	0	16	0.000000	0.000000	0.000000	0.000000	-35.363561	149.16992	683.200000	1
17	0	0	16	0.000000	0.000000	0.000000	0.000000	-35.363561	149.16951	683.200000	1
18	0	0	16	0.000000	0.000000	0.000000	0.000000	-35.363561	149.16910	683.200000	1
19	0	0	16	0.000000	0.000000	0.000000	0.000000	-35.363561	149.16870	683.200000	1
20	0	0	16	0.000000	0.000000	0.000000	0.000000	-35.363561	149.16829	683.200000	1
21	0	0	16	0.000000	0.000000	0.000000	0.000000	-35.363561	149.16789	683.200000	1
22	0	0	16	0.000000	0.000000	0.000000	0.000000	-35.363561	149.16748	683.200000	1
23	0	0	16	0.000000	0.000000	0.000000	0.000000	-35.363561	149.16707	683.200000	1
24	0	0	16	0.000000	0.000000	0.000000	0.000000	-35.363561	149.16667	683.200000	1
25	0	0	16	0.000000	0.000000	0.000000	0.000000	-35.363561	149.16626	683.200000	1
26	0	0	16	0.000000	0.000000	0.000000	0.000000	-35.363561	149.16586	683.200000	1
27	0	0	16	0.000000	0.000000	0.000000	0.000000	-35.363561	149.16545	683.200000	1
28	0	0	16	0.000000	0.000000	0.000000	0.000000	-35.363561	149.16504	683.200000	1
29	0	0	16	0.000000	0.000000	0.000000	0.000000	-35.363561	149.16464	683.200000	1
30	0	0	16	0.000000	0.000000	0.000000	0.000000	-35.363561	149.16423	683.200000	1
31	0	0	16	0.000000	0.000000	0.000000	0.000000	-35.363561	149.16383	683.200000	1
32	0	0	16	0.000000	0.000000	0.000000	0.000000	-35.363561	149.16342	683.200000	1
33	0	0	16	0.000000	0.000000	0.000000	0.000000	-35.363561	149.16301	683.200000	1
34	0	0	16	0.000000	0.000000	0.000000	0.000000	-35.363561	149.16261	683.200000	1
35	0	0	16	0.000000	0.000000	0.000000	0.000000	-35.363561	149.16220	683.200000	1
36	0	0	16	0.000000	0.000000	0.000000	0.000000	-35.363561	149.16180	683.200000	1
37	0	0	16	0.000000	0.000000	0.000000	0.000000	-35.363561	149.16139	683.200000	1
38	0	0	16	0.000000	0.000000	0.000000	0.000000	-35.363561	149.16098	683.200000	1
39	0	0	16	0.000000	0.000000	0.000000	0.000000	-35.363561	149.16058	683.200000	1
40	0	0	16	0.000000	0.000000	0.000000	0.000000	-35.363561	149.16017	683.200000	1
41	0	0	16	0.000000	0.000000	0.000000	0.000000	-35.363561	149.15977	683.200000	1
42	0	0	16	0.000000	0.000000	0.000000	0.000000	-35.363561	149.15936	683.200000	1
43	0	0	16	0.000000	0.000000	0.000000	0.000000	-35.363561	149.15895	683.200000	1
44	0	0	16	0.000000	0.000000	0.000000	0.000000	-35.363561	149.15855	683.200000	1
45	0	0	16	0.000000	0.000000	0.000000	0.000000	-35.363561	149.15814	683.200000	1
46	0	0	16	0.000000	0.000000	0.000000	0.000000	-35.363498	149.15774	683.200000	1
47	0	0	16	0.000000	0.000000	0.000000	0.000000	-35.363341	149.15742	683.200000	1
48	0	0	16	0.000000	0.000000	0.000000	0.000000	-35.363102	149.15716	683.200000	1
49	0	0	16	0.000000	0.000000	0.000000	0.000000	-35.362798	149.15697	683.200000	1
50	0	0	16	0.000000	0.000000	0.000000	0.000000	-35.362454	149.15687	683.200000	1
51	0	0	16	0.000000	0.000000	0.000000	0.000000	-35.362097	149.15687	683.200000	1
52	0	0	16	0.000000	0.000000	0.000000	0.000000	-35.361753	149.15697	683.200000	1
53	0	0	16	0.000000	0.000000	0.000000	0.000000	-35.361449	149.15716	683.200000	1
54	0	0	16	0.000000	0.000000	0.000000	0.000000	-35.361210	149.15742	683.200000	1
55	0	0	16	0.000000	0.000000	0.000000	0.000000	-35.361053	149.15774	683.200000	1
56	0	0	16	0.000000	0.000000	0.000000	0.000000	-35.360990	149.15814	683.200000	1
57	0	0	16	0.000000	0.000000	0.000000	0.000000	-35.360990	149.15855	683.200000	1
58	0	0	16	0.000000	0.000000	0.000000	0.000000	-35.360990	149.15895	683.200000	1
59	0	0	16	0.000000	0.000000	0.000000	0.000000	-35.360990	149.15936	683.200000	1
60	0	0	16	0.000000	0.000000	0.000000	0.000000	-35.360990	149.15977	683.200000	1
61	0	0	16	0.000000	0.000000	0.000000	0.000000	-35.360990	149.16017	683.200000	1
62	0	0	16	0.000000	0.000000	0.000000	0.000000	-35.360990	149.16058	683.200000	1
63	0	0	16	0.000000	0.000000	0.000000	0.000000	-35.360990	149.16098	683.200000	1
64	0	0	16	0.000000	0.000000	0.000000	0.000000	-35.360990	149.16139	683.200000	1
65	0	0	16	0.000000	0.000000	0.000000	0.000000	-35.360990	149.16180	683.200000	1
66	0	0	16	0.000000	0.000000	0.000000	0.000000	-35.360990	149.16220	683.200000	1
67	0	0	16	0.000000	0.000000	0.000000	0.000000	-35.360990	149.16261	683.200000	1
68	0	0	16	0.000000	0.000000	0.000000	0.000000	-35.360990	149.16301	683.200000	1
69	0	0	16	0.000000	0.000000	0.000000	0.000000	-35.360990	149.16342	683.200000	1
70	0	0	16	0.000000	0.000000	0.000000	0.000000	-35.360990	149.16383	683.200000	1
71	0	0	16	0.000000	0.000000	0.000000	0.000000	-35.360990	149.16423	683.200000	1
72	0	0	16	0.000000	0.000000	0.000000	0.000000	-35.360990	149.16464	683.200000	1
73	0	0	16	0.000000	0.000000	0.000000	0.000000	-35.360990	149.16504	683.200000	1
74	0	0	16	0.000000	0.000000	0.000000	0.000000	-35.360990	149.16545	683.200000	1
75	0	0	16	0.000000	0.000000	0.000000	0.000000	-35.360990	149.16586	683.200000	1
76	0	0	16	0.000000	0.000000	0.000000	0.000000	-35.360990	149.16626	683.200000	1
77	0	0	16	0.000000	0.000000	0.000000	0.000000	-35.360990	149.16667	683.200000	1
78	0	0	16	0.000000	0.000000	0.000000	0.000000	-35.360990	149.16707	683.200000	1
79	0	0	16	0.000000	0.000000	0.000000	0.000000	-35.360990	149.16748	683.200000	1
80	0	0	16	0.000000	0.000000	0.000000	0.000000	-35.360990	149.16789	683.200000	1
81	0	0	16	0.000000	0.000000	0.000000	0.000000	-35.360990	149.16829	683.200000	1
82	0	0	16	0.000000	0.000000	0.000000	0.000000	-35.360990	149.16870	683.200000	1
83	0	0	16	0.000000	0.000000	0.000000	0.000000	-35.360990	149.16910	683.200000	1
84	0	0	16	0.000000	0.000000	0.000000	0.000000	-35.360990	149.16951	683.200000	1
85	0	0	16	0.000000	0.000000	0.000000	0.000000	-35.360990	149.16992	683.200000	1
86	0	0	16	0.000000	0.000000	0.000000	0.000000	-35.360990	149.17032	683.200000	1
87	0	0	16	0.000000	0.000000	0.000000	0.000000	-35.360990	149.17073	683.200000	1
88	0	0	16	0.000000	0.000000	0.000000	0.000000	-35.360990	149.17113	683.200000	1
89	0	0	16	0.000000	0.000000	0.000000	0.000000	-35.360990	149.17154	683.200000	1
90	0	0	16	0.000000	0.000000	0.000000	0.000000	-35.360990	149.17195	683.200000	1
91	0	0	16	0.000000	0.000000	0.000000	0.000000	-35.360990	149.17235	683.200000	1
92	0	0	16	0.000000	0.000000	0.000000	0.000000	-35.360990	149.17276	683.200000	1
93	0	0	16	0.000000	0.000000	0.000000	0.000000	-35.360990	149.17316	683.200000	1
94	0	0	16	0.000000	0.000000	0.000000	0.000000	-35.360990	149.17357	683.200000	1
95	0	0	16	0.000000	0.000000	0.000000	0.000000	-35.361053	149.17397	683.200000	1
96	0	0	16	0.000000	0.000000	0.000000	0.000000	-35.361179	149.17424	683.200000	1
97	0	0	16	0.000000	0.000000	0.000000	0.000000	-35.361366	149.17448	683.200000	1
98	0	0	16	0.000000	0.000000	0.000000	0.000000	-35.361604	149.17467	683.200000	1
99	0	0	16	0.000000	0.000000	0.000000	0.000000	-35.361878	149.17479	683.200000	1
